492251
489781
487307
484849
482379
479913
477447
474970
472507
470045
467576
465109
462632
460173
457707
455237
452771
450298
447835
445369
442904
440433
437956
435502
433032
430565
428095
425622
423163
420694
418228
415761
413285
410825
408356
405890
403425
400945
398489
396022
393552
391086
388614
386148
383684
381216
378747
376279
373811
371345
368879
366413
363941
361475
359008
356542
354074
351602
349138
346672
344205
341737
339267
336799
334335
331869
329399
326931
324462
321998
319530
317064
314592
312126
309661
307193
304727
302255
299789
297323
294857
292388
289917
287456
284984
282520
280048
277584
275119
272647
270179
267715
265247
262779
260311
257846
255374
252914
250442
247970
245506
243042
240573
238105
235633
233173
230701
228233
225772
223297
220836
218364
215896
213432
210964
208496
206027
203563
201095
198623
196159
193691
191223
188762
186286
183818
181354
178890
176418
173954
171485
169017
166549
164081
161617
159149
156677
154212
151748
149276
146812
144340
141880
139408
136940
134475
132007
129535
127071
124607
122135
119670
117202
114734
112266
109802
107330
104866
102394
99933
97461
94993
92529
90061
87593
85124
82660
80188
77720
75260
72788
70320
67852
65387
62919
60451
57983
55519
53047
50582
48114
45646
43182
40710
38242
35778
33309
30841
28377
25905
23441
20977
18505
16036
13568
11104
8636
6164
3704
1232